65
15
88
83
22
10
36
48
67
0
27
47
37
7
84
25
7
76
36
52
15
88
91
73
89
82
45
76
88
41
41
77
61
20
46
0
66
51
47
4
38
44
1
87
44
95
55
52
21
52
97
54
67
74
81
86
17
51
87
95
11
35
53
82
30
47
4
52
24
15
6
50
61
16
29
97
92
57
67
10
91
75
90
18
12
44
8
16
30
73
19
90
39
82
45
90
10
8
31
58
69
71
35
54
74
46
44
67
1
4
93
84
43
97
73
19
53
94
53
12
11
30
31
71
81
74
77
32
72
6
63
57
62
64
1
46
98
60
53
34
38
5
27
81
45
27
50
71
74
49
18
3
96
33
65
23
85
2
28
93
60
19
25
28
83
55
15
42
68
3
57
63
80
76
84
70
50
46
26
79
15
11
22
85
49
88
58
14
11
87
0
78
44
0
18
33
68
48
34
46