93.16978222
87.22838647
36.52150221
82.85924044
70.03544648
78.72792764
72.55339404
62.95355573
92.69623563
57.0489654
85.48418248
58.59918089
87.15900513
29.09755526
69.92444278
32.13234438
13.91679423
85.99668879
41.02583044
14.44662944
23.38689208
68.03427216
19.05721113
62.53131666
97.47234825
87.4420945
83.92964926
9.59805749
59.56345598
18.32706386
81.8869251
29.36690808
46.67683722
27.08309972
73.78917382
37.29819532
54.71809382
47.44060063
16.28681622
16.34230306
24.06389132
60.87726974
21.61384864
25.92906326
30.53646836
84.916816
2.49623802
49.19733722
4.77194984
17.34848237
75.91542483
34.27058755
25.35058104
83.45766374
44.56151359
65.45957673
90.31769677
83.64191836
24.11295434
40.55933331
92.09492492
2.15719554
73.25287555
58.62714525
76.14641901
12.08541374
15.38844599
19.25408221
62.62525918
47.423806
63.99584355
61.32385539
5.43916647
94.61169802
17.16244822
58.87525649
63.60357408
80.1126879
71.32595609
59.87079207
4.84298333
31.29610449
36.01371736
94.19988246
38.15702606
95.09470281
58.80774056
94.12372757
35.5821748
72.47327331
6.6944651888
5.80474576
9.355788537
13.08210395
8.71401834
7.571109755
21.85005663
83.6663767
8.2797237
56.98033245